15
36491.394957 53722.075049 98.500000
36491.438119 53721.866041 77.500000
36491.438119 53721.866041 50.500000
39727.415198 53949.681556 82.800000
39727.460012 53949.778401 54.300000
39727.460012 53949.778401 33.300000
37492.483919 49599.680128 108.800000
37492.483919 49599.680128 89.000000
37492.483919 49599.680128 64.000000
37492.483919 49599.680128 41.000000
42220.277743 50498.138787 74.800000
42220.277743 50498.138787 52.000000
42220.277743 50498.138787 25.400000
38109.207877 53833.948283 70.000000
39855.527889 50049.967763 70.000000
